# Nodes Set, Comp_Nodes: 101 102 103 104 105 106
set Nodes := 1 2 3 4 5 6 7 8 9 10 11 12 13 14 15 16 17 18 101 102 103 104 105 106;

# Links Set
set Links := 
    (1, 101) (101, 1)
    (2, 101) (101, 2)
    (3, 101) (101, 3)
    (4, 102) (102, 4)
    (5, 102) (102, 5)
    (6, 102) (102, 6)
    (7, 102) (102, 7)
    (8, 103) (103, 8)
    (9, 103) (103, 9)
    (10, 104) (104, 10)
    (11, 104) (104, 11)
    (12, 104) (104, 12)
    (13, 104) (104, 13)
    (14, 105) (105, 14)
    (15, 105) (105, 15)
    (16, 105) (105, 16)
    (17, 105) (105, 17)
    (18, 106) (106, 18)
    (101, 102) (102, 101)
    (101, 103) (103, 101)
    (101, 106) (106, 101)
    (102, 103) (103, 102)
    (102, 104) (104, 102)
    (103, 105) (105, 103)
    (104, 105) (105, 104)
    (105, 106) (106, 105)
