| Node | Capacity |
|------|----------|
| 101  | 150      |
| 102  | 420      |
| 103  | 660      |
| 104  | 390      |
| 105  | 180      |
| 106  | 150      |

Link Capacity: 880

=====================================================
Data_1
| Source | Destination | Flow Size | Computing Size |
|--------|-------------|-----------|----------------|
| 1      | 18          | 110       | 110            |
| 7      | 12          | 69        | 69             |
| 3      | 17          | 61        | 61             |
| 2      | 16          | 55        | 55             |
| 4      | 14          | 40        | 40             |
| 13     | 6           | 37        | 37             |
| 5      | 16          | 35        | 35             |
| 12     | 4           | 19        | 19             |


Data_2
| Source | Destination | Flow Size | Computing Size |
|--------|-------------|-----------|----------------|
| 3      | 17          | 86        | 86             |
| 5      | 18          | 83        | 83             |
| 3      | 16          | 76        | 76             |
| 12     | 8           | 59        | 59             |
| 1      | 18          | 45        | 45             |
| 13     | 8           | 34        | 34             |
| 7      | 18          | 32        | 32             |
| 4      | 14          | 25        | 25             |


Data_3
| Source | Destination | Flow Size | Computing Size |
|--------|-------------|-----------|----------------|
| 1      | 18          | 98        | 98             |
| 5      | 15          | 92        | 92             |
| 9      | 12          | 83        | 83             |
| 2      | 18          | 67        | 67             |
| 9      | 11          | 55        | 55             |
| 1      | 13          | 45        | 45             |

  
Data_4
| Source | Destination | Flow Size | Computing Size |
|--------|-------------|-----------|----------------|
| 1      | 18          | 92        | 92             |
| 6      | 14          | 88        | 88             |
| 9      | 12          | 78        | 78             |
| 9      | 13          | 72        | 72             |
| 2      | 13          | 66        | 66             |
| 1      | 17          | 54        | 54             |

  
